00100100000111110000000000000001
10001100000001000000000000011111
00000000100111110010000000100011
00000000000000000000100000100001
00000000001001000011000000101010
00010000000001100000000000001111
00000000000000000001000000100001
00000000100000010010100000100011
00000000010001010011000000101010
00010000000001100000000000001001
10001100010001110000000000000000
10001100010010000000000000000001
00000001000001110011000000101010
00010000110000000000000000000011
10101100010001110000000000000001
10101100010010000000000000000000
00100100010000100000000000000001
00001000000000000000000000000111
00100100001000010000000000000001
00001000000000000000000000000100



